4294967278,391
4294967294,471
140,5
140,4
140,3
140,2
140,1
140,0
4294967294,470
4294967278,390
4294967278,389
139,5
139,4
139,3
139,2
139,1
139,0
4294967294,81
4294967278,388
4294967294,469
4294967278,387
138,5
138,4
138,3
138,2
138,1
138,0
4294967278,386
137,5
137,4
137,3
137,2
137,1
137,0
136,5
136,4
136,3
136,2
136,1
136,0
4294967294,468
135,5
135,4
135,3
135,2
135,1
135,0
134,5
134,4
134,3
134,2
134,1
134,0
133,5
133,4
133,3
133,2
133,1
133,0
132,5
132,4
132,3
132,2
132,1
132,0
131,5
131,4
131,3
131,2
131,1
131,0
130,5
130,4
130,3
130,2
130,1
130,0
4294967294,438
129,5
129,4
129,3
129,2
129,1
129,0
128,5
128,4
128,3
128,2
128,1
128,0
127,5
127,4
127,3
127,2
127,1
127,0
126,5
126,4
126,3
126,2
126,1
126,0
125,5
125,4
125,3
125,2
125,1
125,0
4294967294,467
124,5
124,4
124,3
124,2
124,1
124,0
4294967294,1144
4294967294,909
123,5
123,4
123,3
123,2
123,1
123,0
4294967294,184
4294967294,827
122,5
122,4
122,3
122,2
122,1
122,0
121,5
121,4
121,3
121,2
121,1
121,0
4294967278,385
4294967278,384
4294967278,373
4294967294,511
120,5
120,4
120,3
120,2
120,1
120,0
119,5
119,4
119,3
119,2
119,1
119,0
4294967294,510
4294967278,310
118,5
118,4
118,3
118,2
118,1
118,0
4294967278,297
4294967294,509
4294967279,286
4294967294,508
4294967294,507
4294967294,506
4294967279,275
4294967294,505
4294967279,570
4294967279,569
4294967278,137
4294967278,243
4294967279,563
4294967293,131
4294967293,130
4294967293,129
4294967293,128
4294967293,127
4294967293,126
4294967293,125
4294967293,124
4294967293,123
4294967293,122
4294967293,121
4294967293,120
4294967293,119
4294967293,118
4294967293,117
4294967293,116
4294967293,115
4294967293,114
4294967293,113
4294967293,112
4294967293,111
4294967293,110
4294967293,109
4294967293,108
4294967293,107
4294967293,106
4294967293,105
4294967293,104
4294967293,103
4294967293,102
4294967293,101
4294967293,100
4294967293,99
4294967293,98
4294967293,97
4294967293,96
4294967293,95
4294967293,94
4294967293,93
4294967293,92
4294967293,91
4294967293,90
4294967293,89
4294967293,88
4294967293,87
4294967293,86
4294967293,85
4294967293,84
4294967293,83
4294967293,82
4294967293,81
4294967293,80
4294967293,79
4294967293,78
4294967293,77
4294967293,76
4294967293,75
4294967293,74
4294967293,73
4294967293,72
4294967293,71
4294967293,70
4294967293,69
4294967293,68
4294967293,67
4294967293,66
4294967293,65
4294967293,64
4294967293,63
4294967293,62
4294967293,61
4294967293,60
4294967293,59
4294967293,58
4294967293,57
4294967293,56
4294967293,55
4294967293,54
4294967293,53
4294967293,52
4294967293,51
4294967293,50
4294967293,49
4294967293,48
4294967293,47
4294967293,46
4294967293,45
4294967293,44
4294967293,43
4294967293,42
4294967293,41
4294967293,40
4294967293,39
4294967293,38
4294967293,37
4294967293,36
4294967293,35
4294967293,34
4294967293,33
4294967293,32
4294967293,31
4294967293,30
4294967293,29
4294967293,28
4294967293,27
4294967293,26
4294967293,25
4294967293,24
4294967293,23
4294967293,22
4294967293,21
4294967293,20
4294967293,19
4294967293,18
4294967293,17
4294967293,16
4294967293,15
4294967293,14
4294967293,13
4294967293,12
4294967293,11
4294967293,10
4294967293,9
4294967293,8
4294967293,7
4294967293,6
4294967293,5
4294967293,4
4294967293,3
4294967293,2
4294501266,0
4294501265,0
4294501264,0
4294501263,0
4294501262,0
4294501261,0
4294501260,0
4294501259,0
4294501258,0
4294501257,0
4294967293,0
4294967278,309
4294967278,162
4294967278,49
4294967278,372
4294967278,161
4294967278,48
4294967278,261
4294967278,160
4294967278,47
4294967278,308
4294967278,159
4294967278,46
4294967278,362
4294967278,158
4294967278,45
4294967278,329
4294967278,157
4294967278,44
4294967278,307
4294967278,156
4294967278,43
4294967278,155
4294967278,154
4294967278,42
4294967278,383
4294967278,153
4294967278,41
4294967278,306
4294967278,152
4294967278,40
4294967278,305
4294967278,151
4294967278,39
4294967278,374
4294967278,150
4294967278,38
4294967278,304
4294967278,149
4294967278,37
4294967278,303
4294967278,148
4294967278,36
4294967278,291
4294967278,147
4294967278,35
4294967278,302
4294967278,146
4294967278,34
4294967278,283
4294967278,145
4294967278,33
4294967278,369
4294967278,144
4294967278,32
4294967278,301
4294967278,143
4294967278,31
4294967278,344
4294967278,142
4294967278,30
4294967278,289
4294967278,141
4294967278,29
4294967278,299
4294967278,140
4294967278,28
4294967278,298
